115099616
864760324
329361259
639814893
64163583
920553100
680132253
29945117
291510909
537776623
34700424
569087438
93840895
158086178
346187634
5553428
745425549
44312923
536194626
6918850
399121643
97882524
868190751
709597392
864968384
638558119
395140876
382068771
451649252
125291501
983564360
767312673
713843884
665868449
533362817
326059505
302202317
893579067
406728877
158116917
825117025
461984664
849070117
815455062
297338479
154871248
91747644
43665486
413657836
297499020
115173819
877364173
518268042
638488297
330517744
421799303
806027960
488940455
132577392
536869193
124239331
912931214
907770672
140145086
198992611
177538488
58379273
10275822
375438670
393998101
781553397
113156282
977454885
580144962
534576379
142868444
539132710
298228792
887127553
828223409
287500158
190258222
734754893
506360085
471618703
391108741
587970661
768635347
479677593
415970041
480288742
789471880
610981372
199290882
288714201
539877594
171982859
9753863
47741510
992147077
327355212
467480478
731799504
791913072
340364445
949676726
368751733
830379419
143633660
572087726
76986609
189712043
971460899
332995865
696028664
892041719
614637317
370718788
504590125
944663356
699482009
273286197
550313534
946103626
705723125
304599255
69138163
390165721
139933758
905939530
211029033
525539606
231167072
572449355
14074088
909041703
279919555
806386252
255140728
574750053
299548768
22561782
645379181
866864576
691033328
782993011
652830375
559638720
65294711
955069205
